name: tactool-windows
channels:
  - conda-forge
  - defaults
dependencies:
  - blas=2.121=openblas
  - blas-devel=3.9.0=21_win64_openblas
  - bzip2=1.0.8=he774522_0
  - ca-certificates=2023.12.12=haa95532_0
  - libblas=3.9.0=21_win64_openblas
  - libcblas=3.9.0=21_win64_openblas
  - libexpat=2.5.0=h63175ca_1
  - libffi=3.4.4=hd77b12b_0
  - libflang=5.0.0=h6538335_20180525
  - liblapack=3.9.0=21_win64_openblas
  - liblapacke=3.9.0=21_win64_openblas
  - libopenblas=0.3.26=pthreads_hc140b1d_0
  - libsqlite=3.45.1=hcfcfb64_0
  - libzlib=1.2.13=hcfcfb64_5
  - llvm-meta=5.0.0=0
  - m2w64-gcc-libgfortran=5.3.0=6
  - m2w64-gcc-libs=5.3.0=7
  - m2w64-gcc-libs-core=5.3.0=7
  - m2w64-gmp=6.1.0=2
  - m2w64-libwinpthread-git=5.0.0.4634.697f757=2
  - msys2-conda-epoch=20160418=1
  - numpy=1.26.4=py312h8753938_0
  - openblas=0.3.26=pthreads_h3721920_0
  - openmp=5.0.0=vc14_1
  - openssl=3.2.1=hcfcfb64_0
  - pip=24.0=pyhd8ed1ab_0
  - python=3.12.1=h2628c8c_1_cpython
  - python_abi=3.12=4_cp312
  - setuptools=69.0.3=pyhd8ed1ab_0
  - tk=8.6.13=h5226925_1
  - tzdata=2023d=h04d1e81_0
  - ucrt=10.0.22621.0=h57928b3_0
  - vc=14.2=h21ff451_1
  - vc14_runtime=14.38.33130=h82b7239_18
  - vs2015_runtime=14.38.33130=hcb4865c_18
  - wheel=0.42.0=pyhd8ed1ab_0
  - xz=5.4.5=h8cc25b3_0
  - pip:
      - altgraph==0.17.4
      - colorama==0.4.6
      - flake8==7.0.0
      - iniconfig==2.0.0
      - mccabe==0.7.0
      - packaging==23.2
      - pefile==2023.2.7
      - pluggy==1.4.0
      - pycodestyle==2.11.1
      - pyflakes==3.2.0
      - pyinstaller==6.4.0
      - pyinstaller-hooks-contrib==2024.1
      - pyqt5==5.15.10
      - pyqt5-qt5==5.15.2
      - pyqt5-sip==12.13.0
      - pytest==8.0.0
      - pywin32-ctypes==0.2.2
prefix: C:\Miniconda\envs\tactool-windows
